y	x1	x2	x3	x4
75.4996472377331	8.99561591961075	4.32371756463838	8.70610731714974	Lise
70.691495152594	8.01344407014159	2.79922534174522	6.26866848443705	Lise
66.7010019520327	7.96610707787135	2.36328451937072	6.94947099951209	Lise
76.7079184443238	8.79239408882052	2.39424532333548	6.51122902429002	Lise
66.4913010513021	7.97705477418146	3.35370368097869	7.70978972660637	Lise
86.1680177796037	9.21822991334136	3.98522261882526	6.15929147876829	Lise
58.7679627373073	7.25345390729701	1.75234622226717	6.78997903806638	Lise
59.242153948796	6.78800452553754	3.13451159892889	6.35187738843432	Lise
70.1426217893093	8.13176212100231	3.43012003162139	7.17177561834281	Lise
50.4020813050906	6.31818216007609	1.73651511060043	6.60559856034622	Lise
55.553715844017	6.56570926596435	0.622592353351558	5.08141281480273	Lise
67.4122432035628	8.0533254872386	3.72213740188844	7.91686423697215	Lise
72.3605137285089	8.29436817077085	3.26710708830346	6.89700027257812	Lise
70.7281900547907	8.14294019028778	5.01638385212224	8.13614722334935	Lise
68.2242934702201	8.05688956126543	2.94346665497524	7.16791377425729	Lise
62.7681653084691	7.51543221025358	2.54397677395025	6.92663182884024	Lise
66.7360718265464	7.54446185943553	3.15043328172227	6.3155268976256	Lise
71.017241526324	8.09432369374858	3.84221201122489	7.10592905702898	Lise
67.7087050032195	7.89852232014746	2.45911148531263	6.54870868609623	Lise
78.387820400845	8.88716289214479	3.1417024558996	6.80581771859696	Lise
68.9752578684259	7.74521541753157	1.26820302062903	5.00387204811218	Lise
64.3198370578578	7.69247118306615	1.93082834505193	6.56753355231193	Lise
58.4452968016328	7.44586848472328	2.34344294301727	7.80827566916456	Lise
63.3875919441367	7.47752983021549	1.92436329634539	6.23412829006259	Lise
62.9096630587207	7.87860289140581	2.76993579772006	8.03976011172356	Lise
70.4654685911547	7.75402712125227	2.36707205439548	5.33489534613924	Lise
75.1079988234086	8.8763276043493	3.33365407929567	7.80800322745961	Lise
71.9233543711475	8.08436698603747	0.931677480294641	4.91615041121937	Lise
63.2609551429155	7.73841238009931	2.74019255491029	7.53429446411081	Lise
66.6340912738828	7.43705874917559	1.73719433205945	5.10982583719261	Lise
58.0943211697889	7.44684764204492	3.93447979389363	9.02909841834715	Lise
58.7694065777531	7.08447572263429	2.40992454225798	6.77950907303394	Lise
76.9322557896412	8.3816027033744	3.55730678087483	6.07217642167558	Lise
80.4729067757926	9.44264753970426	3.5042818963261	8.04263956735906	Lise
83.1704695496261	9.57199528515997	4.3315710326534	8.21732833517293	Lise
89.1546517687213	9.86224298464428	3.61493578285283	6.92917496718609	Lise
75.6158385221052	8.12416699648147	3.23094253524468	5.50713371274059	Lise
58.850325141055	6.86245991558415	2.6087978746952	6.29592916097296	Lise
68.7991430084946	7.79459563141202	2.46350595782193	5.9661756668109	Lise
77.3646208910363	8.33615439551696	3.37472127467716	5.70677758125081	Lise
65.6197632700075	8.22589973447352	3.12225190119455	8.48615942867201	Lise
71.0516011566004	8.05361124259058	2.33977801147917	5.97585043524347	Lise
46.4518539128609	5.5206040528496	0.857214738016275	5.01468154221575	Lise
70.999244650024	8.34643233246089	3.31138420257909	7.44903106937834	Lise
58.4909948730235	7.38152489492657	1.46277907981655	7.02071263891202	Lise
59.1838422545215	6.53771860492629	1.66821833879412	4.70257180606544	Lise
65.4310934241835	7.62020209171435	2.60527450998461	6.51444298547646	Lise
55.1445800101332	6.64913347669516	2.41362528088365	6.62660998195564	Lise
71.3277032960221	8.13547285238978	3.47189292432113	6.88131200316032	Lise
82.6537851649253	9.50483039361511	5.03888718703486	8.64625120534871	Lise
72.5702514675654	8.30748046001201	2.12268560347389	6.1176146542033	Lise
90.9362810668684	10.1662244913538	4.23824457105575	7.72140403257639	Lise
94.815465612992	10.1711311483205	4.59964122329273	6.90997827542274	Lise
45.4215392474135	5.53227952995024	1.59573501442045	5.84526181137111	Lise
83.6073074903235	8.9175521021364	3.8958551453503	5.95716088785178	Lise
62.3430033766247	7.79996969303531	3.00715941731456	8.14484687222617	Lise
41.7208255140858	6.90010845061919	2.17056389542834	6.97038681758444	Lise
46.3187182950963	7.28900434751623	2.60120708367174	7.03235993405766	Lise
54.1323594831643	8.16995354471621	2.78261683339255	7.39804715529713	Lise
51.4354256920741	7.74140128992953	2.65413731384574	6.87803546179649	Lise
50.8083945115762	7.69628044954853	2.58379744498801	6.88091106367277	Lise
52.8434387092988	8.21969835112286	3.14395046188761	8.14096155070384	Lise
48.9865651073032	7.81801936915127	3.05606653913016	8.04765720123335	Lise
68.1111701991746	9.23176943448347	4.92870546421302	7.94541197685579	Lise
57.94502799309	8.82566983165485	3.91896813866734	8.94305089855726	Lise
69.9993111001133	9.35213017568829	3.85984116035049	7.04924374876582	Lise
56.5307943310811	8.28637025302845	2.90334056942697	7.13710049878989	Lise
58.7125486234567	8.52600483125995	4.00409920005855	7.94432963224406	Lise
67.3905613586113	9.42242770164738	4.45047155983895	8.36381225132031	Ön Lisans
68.689789709888	9.02550940715455	3.27749794626056	6.10474294862906	Ön Lisans
49.9275884061023	7.37451437870935	3.00740458560611	6.53638701161598	Ön Lisans
57.1208672836655	8.37474666675615	3.80489350280682	7.82983094207767	Ön Lisans
59.961477509565	8.55232913339074	2.93008667213367	6.94722986827994	Ön Lisans
49.5241053377529	7.33876212863744	1.3294482890967	5.42802359803381	Ön Lisans
55.2379925554515	8.20002383442504	2.98658620028033	7.31193595003971	Ön Lisans
54.7799054948898	8.1024568724213	3.02007218070084	7.19141141362743	Ön Lisans
54.3805652504409	8.16759593707337	2.36063400149076	7.03990748615887	Ön Lisans
45.5462447203526	7.63122338364559	2.38447644176192	8.03628537956644	Ön Lisans
56.308059459655	8.18799742098387	4.64950810283314	8.12203506877644	Ön Lisans
60.9006259306739	8.73034781081916	1.69295649192106	6.3778307380176	Ön Lisans
65.0598557884968	9.13969740463455	3.63208552028808	7.65751632119953	Ön Lisans
67.0214084869854	9.12780504931476	3.97303316202376	7.30963843409925	Ön Lisans
63.8422099587992	8.79155438225314	3.73538569982083	7.08226801421266	Ön Lisans
32.2970136018175	5.81769865931089	0.698458459078897	5.72115765154396	Ön Lisans
52.5815538176282	7.47867245037654	2.05058669485453	5.4423050000185	Ön Lisans
50.4178706089194	7.94003561334673	2.71448647187186	7.74971139740529	Ön Lisans
59.5755025091947	8.78211915451078	3.75296833871543	8.25134264312182	Ön Lisans
54.7324785503078	7.97237054547352	2.641081169331	6.59060715754906	Ön Lisans
40.5905764620753	6.67922111013647	2.28740066372334	6.77488502722741	Ön Lisans
44.9944674371051	6.93937953325282	2.74062224166521	6.55334082182484	Ön Lisans
61.5930367742012	8.40758882207039	2.82804672836307	6.02895912922056	Ön Lisans
59.6698554276796	8.3993441262461	3.35743592244574	6.88700774670622	Ön Lisans
54.006939651267	7.94503869689022	2.6382693600628	6.71409862056754	Ön Lisans
62.8898634888931	8.67521387227847	3.1462649627299	6.62719104789078	Ön Lisans
55.2673116103147	7.99298134039374	2.8959279085959	6.67032852292301	Ön Lisans
73.0132656734043	9.58723291974126	4.99154262861884	7.64054182969831	Ön Lisans
52.3884683214607	7.76521081817683	3.75364856289707	7.43065515678087	Ön Lisans
56.7619320835531	7.77950114110926	2.94203469948353	5.70376241742449	Ön Lisans
53.1413024064307	8.09648467669116	3.15701069433461	7.72420006956073	Ön Lisans
67.6058649395127	9.15994485531034	2.46967897991396	6.25451981567646	Ön Lisans
44.1013476608575	6.70097580866542	2.6687749857021	6.11446140785635	Ön Lisans
57.0160461608899	8.29021041828879	3.03844325308638	7.10404037114191	Ön Lisans
59.6192185947472	8.44415289203512	3.70797983674311	7.26199390739483	Ön Lisans
41.8965832827634	6.57664197783417	1.09175772599454	5.32522070538074	Ön Lisans
59.3157686482774	8.54850013489968	3.18820260999965	7.28714954746554	Ön Lisans
41.5816124932502	6.59634931320552	1.2801617411826	5.58994530264392	Ön Lisans
42.0245044912063	6.86177807065734	0.579288252454709	5.71184289113711	Ön Lisans
72.3002587229432	9.50441427977888	4.97466539898324	7.59031900487096	Ön Lisans
64.3788792330731	8.95721706887432	2.36319183718978	6.49610724757898	Ön Lisans
52.1302078835856	7.4911944638202	2.67005623985102	6.0132622065469	Ön Lisans
73.5709376751859	9.80328650242328	5.1895277749111	8.23710068120924	Ön Lisans
67.4189619005064	9.33535337461799	4.17231324316603	7.92107555968392	Ön Lisans
74.3029591789324	9.54649151546982	4.86910769893508	7.08716903017428	Ön Lisans
53.4599843848815	8.38821677925618	2.77953592026899	8.19119400967883	Ön Lisans
74.5054897273496	9.85764862148769	3.99516562049698	7.34178983848407	Ön Lisans
53.3084088717972	7.91139604718798	2.78599279689345	6.91438476088867	Ön Lisans
58.2875049180623	8.24860722041602	3.55614887911928	6.9853004913256	Ön Lisans
46.0926192037101	7.0736428496958	2.51491774965151	6.45296219885929	Ön Lisans
52.7226942231127	7.85875292178	2.58038997748256	6.79346040301212	Ön Lisans
70.1805201574859	9.69690157274883	4.61687145455688	8.4863728062384	Ön Lisans
59.3401647029235	8.55775192035241	2.45809578974813	6.82137489017972	Ön Lisans
56.9818096034282	8.72792579292437	3.47428871677841	8.63306163319933	Ön Lisans
59.4367060391862	8.5721267327462	2.43408886157773	6.81913615184205	Ön Lisans
48.3383260660271	7.45970922823358	3.00667535639397	7.21155840442789	Ön Lisans
46.689149448676	7.58554198408389	4.21770872051924	8.87317459884585	Ön Lisans
63.275507534104	8.74216427563439	2.48953302900858	6.27758890312997	Ön Lisans
59.1336655678641	8.47949199033839	2.43119770261641	6.64240155674397	Ön Lisans
47.300720504536	7.44516985260525	2.77496939358221	7.30266097206072	Ön Lisans
84.2136530304615	10.9632446601382	5.26970642698975	8.71896055728412	Ön Lisans
65.9900386403832	9.55310806534608	4.84047191183851	8.83423269175266	Ön Lisans
51.6033673329892	7.32627828113183	1.44621727259361	4.36028674217792	Ön Lisans
53.3061669776945	8.34429685306143	3.36403615291854	7.95033778117777	Ön Lisans
66.5977699317452	9.31025029551808	4.50439548783299	7.74642522795303	Ön Lisans
39.7763335281451	6.56816593456192	2.01806079788842	5.96073267286006	Ön Lisans
60.063172228181	8.66732282859769	3.68249405272148	7.19064105641876	Ön Lisans
59.4128790589224	9.03086525291318	4.08477350640287	8.66712885793886	Ön Lisans
59.3575312591952	8.19128405326424	2.54624669609798	5.31235430493494	Ön Lisans
61.6393676555927	8.68626650732577	3.49451047795755	6.68286402055297	Ön Lisans
45.9714968419225	7.21211965307764	2.45967421247424	6.26659221627586	Ön Lisans
51.3534815253426	7.87877951411486	3.43609489172273	7.25427982617083	Ön Lisans
43.7918114672351	7.63785229821015	1.98672760593672	7.71398932639752	Lisans
55.0456627232611	8.41722599316186	4.42843419989685	8.39918951381547	Lisans
59.3837421849569	8.61000483038614	3.46470833515481	7.07219408703628	Lisans
45.5833885140389	7.04325031808945	2.06819529257842	5.65471315527894	Lisans
67.9828871383045	9.62144580026128	4.07815275530985	7.96496633736319	Lisans
28.8036820775528	5.67904596089727	0.914272177533598	5.92475864674301	Lisans
32.9838095267359	6.06261987590519	1.83569905435384	6.39756848855009	Lisans
50.606891790005	7.83080139664778	2.62735649618681	6.78033493869466	Lisans
62.6802481704167	8.9739408694885	3.18946768086467	7.00080209694386	Lisans
45.6585772035566	7.32619985455856	2.20758499870128	6.49171842583071	Lisans
55.1788456813411	8.21710469384595	3.8929291608017	7.43553079965324	Lisans
43.4727714562306	7.14105678528343	3.05457428527285	7.18193830879111	Lisans
56.5871708337357	8.87313652229625	4.8542939064363	9.54343629039568	Lisans
50.0714156513425	8.38689122645094	3.93274092980816	9.37020749857935	Lisans
47.45890596063	7.34845838597814	3.38328926792697	6.85548041619602	Lisans
63.4800382350945	9.20132064364135	4.65341096675319	8.40363952469728	Lisans
64.82919406505	9.16641090591858	4.30853846011456	7.69669637627545	Lisans
72.6227612996987	9.83372271102269	5.66954382603924	8.35698059629232	Lisans
42.1942884075664	6.97483681898531	1.90648992915086	6.30037399803802	Lisans
47.7680933118116	7.34984259343457	2.58020006234425	6.22275928120687	Lisans
49.033766121462	7.39291949659369	3.14155597409528	6.3704194698316	Lisans
41.5721003263969	7.0404875374704	2.17702651285423	6.8354019646048	Lisans
49.6671054306458	7.65494600787773	2.94228810412142	6.77228267604104	Lisans
57.3490132851262	8.12869318635133	3.224655137213	6.13775565817555	Lisans
49.8534925457519	7.90821775534846	3.93542584150566	8.10129629350324	Lisans
42.3426042026869	6.86120265167517	0.847935981055525	5.25015710340251	Lisans
49.4151289697867	7.7689331756645	3.22666845922693	7.34957166021209	Lisans
58.4562368730172	8.24818030563915	3.15649110797978	6.11722682156333	Lisans
47.5693788662077	7.55383314917454	2.12016870234525	6.52267795442002	Lisans
44.6442523467322	6.91218666152686	2.12794099211813	5.6030025392923	Lisans
48.1221754626257	7.81527093870621	2.28951385265262	7.19980820964605	Lisans
49.5444086962339	8.20842841087244	5.01937275756666	9.7885040568128	Lisans
44.7055921438866	7.5168464635737	2.48560114825976	7.46654719571677	Lisans
56.2842601031816	8.93013778300327	4.68243191784328	9.67050260267862	Lisans
41.4221183302735	7.08824174142358	2.53291427777506	7.25216501786018	Lisans
62.4569712458616	9.0874522464971	5.21446938430622	8.75097834858209	Lisans
42.5093400458791	6.60358749680942	1.46878387317931	4.92891078313118	Lisans
57.5916375235852	8.52673055706733	3.20237142042495	7.15951876936299	Lisans
55.3221163369415	7.85001774072712	2.5851320667894	5.50568038446121	Lisans
64.7129994635869	9.45493246088603	4.63176124888248	8.76757450255108	Lisans
50.3026609938139	7.38334827850086	3.21238193373555	6.04054486397375	Lisans
55.9546479384451	8.50212545379744	2.94316332180393	7.3703893419518	Lisans
66.5040412144726	9.65293857000594	5.48870064552012	9.41933732640788	Lisans
58.3818719993352	8.12479347978022	1.81744516414962	4.92453514441706	Lisans
34.0641522549843	6.37391169661837	1.70426895216083	6.82654508451616	Lisans
55.719321394896	8.46443033902785	3.7552766304991	7.87927035071763	Lisans
51.3640383847511	8.21489897462662	3.7484781685857	8.39740777166668	Lisans
57.7706101236411	8.47275810104004	3.26182992877626	6.9993522146525	Lisans
41.2375296173685	6.71191812000769	2.45805248291162	6.23920489107202	Lisans
42.5812507005924	6.9635424324328	1.58843428529508	5.94836900970615	Lisans
55.3342188542186	8.45954846033895	2.78611877336141	7.31832187292479	Lisans
48.5653873707667	7.52007364400982	2.66604625986919	6.5224689421742	Lisans
61.0819727064726	8.71244222662887	3.40321833930002	6.84882131841154	Lisans
45.5922126372583	7.21347538000925	0.972311880320762	5.38603429222205	Lisans
61.8546493173171	8.89085044476735	4.05444514447253	7.5720557419851	Lisans
58.1553705509289	8.41774288816688	1.70879569217042	5.72217909120771	Lisans
54.5603153633268	8.35551498974303	4.57275922219573	8.46369083321605	Lisans
38.8821818974542	6.77864625144873	3.00418667338884	7.46317071214176	Lisans
56.0382653602836	8.2156318202857	4.04331216346359	7.29497268400325	Lisans
37.3926631890459	6.73150966034363	2.08177692970808	7.10907590903282	Lisans
51.7576172106951	8.01666825106274	2.46895115088133	6.86715793087408	Lisans
55.0394442086412	8.37251066446417	2.55926551785468	7.00623568104652	Lisans
45.4597064932287	7.18099138081952	2.24284150489993	6.17750983647078	Lisans
41.0020475248138	6.89790594853054	2.45652122281823	6.8029506107819	Lisans
50.1944731700264	7.5141778517829	2.14841448700469	5.70945556814089	Lisans
44.675967615739	6.87708129732168	1.93423887595169	5.37028511149509	Lisans
40.3180396178965	6.55853695979227	1.66767639560284	5.54642492465202	Lisans
30.7257061056844	5.78160608021929	1.38715470870402	5.98136006663849	Lisans
59.4839348705644	8.63538695295293	5.01276363236349	8.17044138513983	Lisans
50.4118525738591	7.70353962430161	2.32521954298168	6.28295610898155	Lisans
40.6211419126751	6.80303881100244	2.12553772171057	6.4263619418294	Lisans
35.757230746476	6.57160959037224	2.3813123844407	7.35142670102129	Lisans
60.8043657182363	8.38341967781123	3.79721684706773	6.27269081468218	Lisans
62.4752931094209	9.00147676815062	4.27094095969477	7.85788013372846	Lisans
62.9522596799385	9.08067696804467	4.80042049932202	8.30907280981274	Lisans
58.8272802961036	8.78291362585363	2.12166959314446	6.822378719807	Lisans
45.6895399749123	7.27330199778634	2.52936315195676	6.55806504875264	Lisans
